<?xml version="1.0" encoding="UTF-8" standalone="no"?>
<!-- Created with Inkscape (http://www.inkscape.org/) -->

<svg
   xmlns:dc="http://purl.org/dc/elements/1.1/"
   xmlns:cc="http://creativecommons.org/ns#"
   xmlns:rdf="http://www.w3.org/1999/02/22-rdf-syntax-ns#"
   xmlns:svg="http://www.w3.org/2000/svg"
   xmlns="http://www.w3.org/2000/svg"
   xmlns:sodipodi="http://sodipodi.sourceforge.net/DTD/sodipodi-0.dtd"
   xmlns:inkscape="http://www.inkscape.org/namespaces/inkscape"
   width="79.1101"
   height="88.841141"
   id="svg4265"
   version="1.1"
   inkscape:version="0.48.2 r9819"
   sodipodi:docname="New document 23">
  <defs
     id="defs4267" />
  <sodipodi:namedview
     id="base"
     pagecolor="#ffffff"
     bordercolor="#666666"
     borderopacity="1.0"
     inkscape:pageopacity="0.0"
     inkscape:pageshadow="2"
     inkscape:zoom="0.35"
     inkscape:cx="297.41219"
     inkscape:cy="-64.150863"
     inkscape:document-units="px"
     inkscape:current-layer="layer1"
     showgrid="false"
     fit-margin-top="0"
     fit-margin-left="0"
     fit-margin-right="0"
     fit-margin-bottom="0"
     inkscape:window-width="469"
     inkscape:window-height="425"
     inkscape:window-x="87"
     inkscape:window-y="25"
     inkscape:window-maximized="0" />
  <metadata
     id="metadata4270">
    <rdf:RDF>
      <cc:Work
         rdf:about="">
        <dc:format>image/svg+xml</dc:format>
        <dc:type
           rdf:resource="http://purl.org/dc/dcmitype/StillImage" />
        <dc:title></dc:title>
      </cc:Work>
    </rdf:RDF>
  </metadata>
  <g
     inkscape:label="Layer 1"
     inkscape:groupmode="layer"
     id="layer1"
     transform="translate(-77.587805,-379.37018)">
    <path
       style="fill:#000000;fill-opacity:1"
       id="path3969"
       d="m 79.432855,389.99739 c 0.6295,2.26215 0.98851,4.60049 1.34745,6.94933 0.72344,4.73409 0.97493,6.30883 1.46094,11.33047 0.22131,2.28671 0.3754,4.58299 0.5631,6.87449 0.61808,7.97551 0.75855,15.98675 0.7961,23.99374 0,0 -2.83442,1.8426 -2.83442,1.8426 l 0,0 c -0.51863,-7.85203 -1.00806,-15.70698 -1.40843,-23.57031 -0.16676,-2.7381 -0.64382,-10.58083 -0.81999,-13.43746 -0.18524,-3.00365 -0.33752,-6.01078 -0.55192,-9.01133 -0.0893,-1.24991 -0.24392,-2.49147 -0.31988,-3.74321 0,0 1.76705,-1.22832 1.76705,-1.22832 z"
       inkscape:connector-curvature="0" />
    <path
       style="fill:#000000;fill-opacity:1"
       id="path3981"
       d="m 130.26719,409.20077 c 0.0346,0.21429 0.0568,0.4324 0.10395,0.6429 0.0995,0.44488 0.23854,0.87481 0.33519,1.32068 1.08009,4.98266 1.70932,10.11578 2.3328,15.2107 1.25302,11.30889 2.0848,22.69056 2.50469,34.0962 0.10005,4.39602 0.0333,2.328 0.18727,6.20472 0,0 -2.33036,1.53535 -2.33036,1.53535 l 0,0 c -0.43978,-3.70001 -0.22712,-1.72491 -0.61968,-5.92836 -1.01542,-11.27704 -1.98571,-22.56053 -2.8364,-33.85945 -0.44458,-6.69012 -0.24683,-4.17215 -0.75194,-10.20925 -0.15885,-1.89888 -0.30458,-3.79965 -0.4819,-5.69594 -0.0461,-0.49223 -0.12181,-0.97987 -0.16023,-1.47314 -0.0202,-0.25743 -0.0108,-0.5172 -0.0152,-0.7758 0,0 1.73181,-1.06861 1.73181,-1.06861 z"
       inkscape:connector-curvature="0" />
    <path
       style="fill:#000000;fill-opacity:1"
       id="path3985"
       d="m 82.339135,438.93622 c 0.24062,0.11688 0.48716,0.21283 0.72187,0.35047 1.76894,1.0372 3.45941,2.31158 5.23029,3.35109 2.79608,1.64128 4.34792,2.39587 7.31124,3.94239 10.220345,4.71579 20.376955,9.68119 30.489125,14.81587 3.39499,1.44182 6.63781,3.57567 10.09871,4.71857 0,0 -1.87881,1.79805 -1.87881,1.79805 l 0,0 c -3.75586,-0.8097 -7.35393,-2.62815 -11.03182,-3.8998 -10.32983,-4.32342 -20.61104,-8.99302 -30.554525,-14.798 -2.34383,-1.50348 -4.49431,-2.82262 -6.76303,-4.47693 -1.60985,-1.17386 -3.114,-2.54509 -4.6677,-3.84173 -0.20658,-0.17241 -0.42212,-0.32372 -0.6332,-0.48559 0,0 1.67785,-1.47439 1.67785,-1.47439 z"
       inkscape:connector-curvature="0" />
    <path
       style="fill:#000000;fill-opacity:1"
       id="path3987"
       d="m 78.901335,391.12514 c 0.20538,-0.0861 0.40516,-0.22542 0.61614,-0.25823 1.58769,-0.24698 4.19965,0.7727 5.6511,1.33483 2.29808,0.89004 6.3133,2.75483 8.43673,3.71702 8.717305,3.96261 17.474765,7.74999 26.335055,10.7564 1.35635,0.46024 2.71988,0.86115 4.07982,1.29171 4.29359,1.2503 2.26269,0.64127 6.09385,1.81674 0,0 -2.15845,2.50267 -2.15845,2.50267 l 0,0 c -4.1167,-0.8239 -1.9433,-0.3804 -6.51973,-1.33652 -1.41886,-0.36867 -2.84134,-0.70136 -4.25658,-1.10602 -8.92475,-2.55189 -17.752375,-6.10298 -26.350375,-10.80658 -0.66251,-0.37885 -6.66404,-3.8228 -7.78319,-4.42304 -0.81242,-0.43572 -1.63041,-0.84431 -2.45322,-1.22339 -0.98564,-0.45409 -1.98607,-0.99925 -3.00468,-0.555 0,0 1.31353,-1.71059 1.31353,-1.71059 z"
       inkscape:connector-curvature="0" />
    <path
       style="fill:#000000;fill-opacity:1"
       id="path3987-5"
       d="m 80.200355,389.71111 c 0.20537,-0.0861 0.40514,-0.22542 0.61614,-0.25823 1.58768,-0.24698 4.19964,0.77269 5.65109,1.33482 2.29808,0.89004 6.3133,2.75484 8.43673,3.71702 8.717305,3.96261 17.474765,7.74999 26.335055,10.7564 1.35635,0.46024 2.71988,0.86115 4.07982,1.29171 4.29359,1.25031 2.26269,0.64127 6.09385,1.81675 0,0 -2.15845,2.50267 -2.15845,2.50267 l 0,0 c -4.1167,-0.82391 -1.9433,-0.38041 -6.51973,-1.33653 -1.41886,-0.36867 -2.84134,-0.70135 -4.25657,-1.10602 -8.92477,-2.55188 -17.75238,-6.10299 -26.350385,-10.80659 -0.66251,-0.37883 -6.66404,-3.82279 -7.78319,-4.42302 -0.81243,-0.43574 -1.63041,-0.84431 -2.45322,-1.2234 -0.98563,-0.45409 -1.98606,-0.99924 -3.00468,-0.55499 0,0 1.31354,-1.71059 1.31354,-1.71059 z"
       inkscape:connector-curvature="0" />
    <path
       style="fill:#000000;fill-opacity:1"
       id="path3987-5-7"
       d="m 99.569385,380.0101 c 0.20538,-0.0861 0.40514,-0.22542 0.616125,-0.25824 1.58768,-0.24698 4.19966,0.7727 5.65109,1.33483 2.29808,0.89003 6.3133,2.75483 8.43673,3.71702 8.71732,3.9626 17.47478,7.74999 26.33507,10.7564 1.35635,0.46023 2.71988,0.86114 4.07982,1.29172 4.29359,1.25029 2.26269,0.64127 6.09384,1.81674 0,0 -2.15844,2.50266 -2.15844,2.50266 l 0,0 c -4.11671,-0.82391 -1.94331,-0.3804 -6.51974,-1.33652 -1.41885,-0.36866 -2.84134,-0.70135 -4.25656,-1.10602 -8.92477,-2.55189 -17.75238,-6.10298 -26.35039,-10.80658 -0.66251,-0.37885 -6.66405,-3.8228 -7.78319,-4.42304 -0.81243,-0.43573 -1.63042,-0.84431 -2.45322,-1.2234 -0.98563,-0.45409 -1.986055,-0.99924 -3.004675,-0.55498 0,0 1.31354,-1.71059 1.31354,-1.71059 z"
       inkscape:connector-curvature="0" />
    <path
       style="fill:#000000;fill-opacity:1"
       id="path3981-1"
       d="m 150.63039,398.96527 c 0.0346,0.2143 0.0568,0.43241 0.10395,0.6429 0.0995,0.4449 0.23855,0.87483 0.3352,1.32069 1.08009,4.98266 1.70932,10.11578 2.33278,15.2107 1.25304,11.3089 2.08482,22.69056 2.50471,34.0962 0.10005,4.39603 0.0333,2.32801 0.18726,6.20472 0,0 -2.33035,1.53535 -2.33035,1.53535 l 0,0 c -0.43978,-3.7 -0.22712,-1.72492 -0.61968,-5.92837 -1.01542,-11.27702 -1.98571,-22.56053 -2.8364,-33.85944 -0.4446,-6.69012 -0.24683,-4.17214 -0.75194,-10.20924 -0.15887,-1.89888 -0.30459,-3.79966 -0.48192,-5.69594 -0.0461,-0.49224 -0.12167,-0.97988 -0.16021,-1.47314 -0.0202,-0.25745 -0.0107,-0.5172 -0.0152,-0.7758 0,0 1.73181,-1.06863 1.73181,-1.06863 z"
       inkscape:connector-curvature="0" />
    <path
       style="fill:#000000;fill-opacity:1"
       id="path4104"
       d="m 131.34723,409.46037 c 1.42547,-0.0837 2.76294,-0.64343 4.0633,-1.34468 2.04557,-1.29673 4.10753,-2.56643 6.20481,-3.72429 2.1322,-1.17007 4.21654,-2.49966 6.43872,-3.38306 0.88073,-0.38878 1.85572,-0.48833 2.70625,-0.98147 -1.1529,0.84157 -2.30578,1.68315 -3.45867,2.52471 0.0201,0.10937 0.11724,0.24168 0.0604,0.32823 -0.07,0.1069 -0.2169,0.0452 -0.3243,0.0744 -0.59168,0.16106 -1.17594,0.30597 -1.77463,0.42453 -1.25561,0.17543 -2.4153,0.71551 -3.58004,1.29088 -0.88618,0.3613 -1.78101,0.77686 -2.5698,1.40592 -1.26519,0.73318 -2.5676,1.36719 -3.82115,2.13293 -0.54907,0.37283 -1.16881,0.46522 -1.75611,0.68094 -0.52976,0.1946 -1.05959,0.46533 -1.58055,0.69699 -0.47913,0.14582 -0.91627,0.42968 -1.3832,0.62086 -0.13505,0.0553 -0.27841,0.08 -0.40877,0.15094 -0.22081,0.12018 -0.41131,0.31456 -0.61801,0.46967 -1.83178,1.19425 4.11611,-3.04186 3.09361,-2.26743 -1.28711,0.97487 -2.60011,1.89421 -3.90009,2.84147 -0.0636,0.0463 -0.25411,0.18594 -0.19064,0.13934 3.4508,-2.53336 4.70534,-2.12682 3.32105,-2.54144 -0.0187,-0.0736 -0.0784,-0.14899 -0.0559,-0.22079 0.0207,-0.0656 0.098,-0.0732 0.15276,-0.0871 0.19629,-0.0496 0.40343,0.0138 0.59994,-0.0343 0.22978,-0.0563 0.44104,-0.19829 0.66351,-0.29019 0.89863,-0.47502 1.81351,-0.86809 2.65651,-1.49342 1.01126,-0.6467 2.02642,-1.32108 3.10484,-1.77264 0.15974,-0.0472 0.32343,-0.0768 0.47921,-0.14163 0.42731,-0.17807 0.8338,-0.47318 1.25736,-0.66846 0.69918,-0.27843 0.36262,-0.13057 1.01079,-0.43961 0.94432,-0.27749 1.80067,-0.84177 2.73794,-1.14977 0.92129,-0.35681 1.8358,-0.75452 2.73017,-1.21131 0.53101,-0.22385 1.04297,-0.44606 1.53522,-0.78491 0,0 -3.41403,3.43289 -3.41403,3.43289 l 0,0 c -0.51681,0.26372 -1.04611,0.48349 -1.55952,0.75872 -0.90503,0.43102 -1.81415,0.84468 -2.74781,1.16739 -0.92577,0.38092 -1.81644,0.88844 -2.75709,1.21588 -0.90901,0.41 -1.80572,0.8608 -2.72509,1.23212 -1.07144,0.56449 -2.1098,1.23075 -3.14124,1.90201 -0.83079,0.49802 -1.70208,0.8939 -2.57538,1.25705 -0.60493,0.16682 -1.28389,0.28168 -1.62675,-0.50299 -0.47572,-1.91922 -0.10193,-0.17559 3.61402,-2.95884 1.03484,-0.77507 4.94899,-3.16866 -3.11832,2.2955 2.76868,-2.08017 2.6718,-2.00865 4.19008,-3.07989 0.82062,-0.55776 1.72713,-0.88849 2.59756,-1.29914 1.12109,-0.46987 2.2688,-0.85517 3.34575,-1.47144 1.22142,-0.73212 2.48345,-1.34611 3.70931,-2.06609 0.84553,-0.52937 1.72989,-0.95046 2.61542,-1.36065 1.20004,-0.62668 2.42571,-1.13117 3.73061,-1.26268 0.50748,-0.0766 1.12605,-0.26759 1.63595,-0.0927 0.0526,0.0181 0.79033,0.49831 0.57665,0.70517 -1.12286,1.08705 -2.42879,1.834 -3.64318,2.75099 -1.02418,0.52289 -2.11169,0.84549 -3.13911,1.36215 -2.26002,1.08971 -4.42661,2.45599 -6.6502,3.65607 -1.98105,1.12243 -3.95786,2.25551 -5.92553,3.41511 -1.2045,0.55487 -2.46567,1.06901 -3.76376,0.79474 0,0 3.37702,-3.09673 3.37702,-3.09673 z"
       inkscape:connector-curvature="0" />
    <path
       style="fill:#000000;fill-opacity:1"
       id="path4104-5"
       d="m 136.91452,464.30911 c 1.42546,-0.0837 2.76293,-0.64343 4.0633,-1.34468 2.04556,-1.29673 4.10754,-2.56643 6.2048,-3.72429 2.1322,-1.17007 4.21655,-2.49966 6.43873,-3.38306 0.88073,-0.38878 1.85572,-0.48833 2.70624,-0.98147 -1.15289,0.84157 -2.30577,1.68315 -3.45867,2.52471 0.0202,0.10937 0.11724,0.24167 0.0604,0.32823 -0.07,0.1069 -0.21691,0.0452 -0.3243,0.0744 -0.59169,0.16106 -1.17594,0.30597 -1.77464,0.42453 -1.25559,0.17543 -2.41529,0.71552 -3.58003,1.29088 -0.88618,0.3613 -1.781,0.77686 -2.5698,1.40592 -1.2652,0.73318 -2.5676,1.36719 -3.82115,2.13293 -0.54907,0.37283 -1.16881,0.46522 -1.7561,0.68094 -0.52978,0.1946 -1.0596,0.46533 -1.58057,0.69699 -0.47913,0.14582 -0.91626,0.42969 -1.3832,0.62086 -0.13504,0.0553 -0.27841,0.08 -0.40877,0.15094 -0.22081,0.12019 -0.41131,0.31457 -0.61799,0.46967 -1.83179,1.19425 4.11609,-3.04187 3.09361,-2.26743 -1.28712,0.97487 -2.60012,1.89421 -3.9001,2.84148 -0.0637,0.0463 -0.25412,0.18593 -0.19065,0.13933 3.4508,-2.53335 4.70535,-2.12682 3.32106,-2.54144 -0.0187,-0.0736 -0.0784,-0.14899 -0.0559,-0.22079 0.0207,-0.0656 0.098,-0.0732 0.15277,-0.0871 0.19628,-0.0496 0.40342,0.0138 0.59994,-0.0343 0.22978,-0.0563 0.44104,-0.19829 0.6635,-0.29019 0.89863,-0.47502 1.81352,-0.86809 2.65652,-1.49342 1.01127,-0.6467 2.02641,-1.32108 3.10484,-1.77264 0.15973,-0.0472 0.32343,-0.0768 0.47921,-0.14163 0.42731,-0.17807 0.83379,-0.47318 1.25735,-0.66846 0.69919,-0.27843 0.36263,-0.13057 1.0108,-0.43961 0.94432,-0.2775 1.80068,-0.84177 2.73794,-1.14977 0.92129,-0.35681 1.83579,-0.75452 2.73017,-1.2113 0.531,-0.22386 1.04297,-0.44607 1.53522,-0.78492 0,0 -3.41403,3.43289 -3.41403,3.43289 l 0,0 c -0.51681,0.26372 -1.04612,0.48349 -1.55952,0.75872 -0.90504,0.43102 -1.81416,0.84468 -2.74781,1.16739 -0.92577,0.38092 -1.81643,0.88845 -2.75709,1.21588 -0.909,0.40999 -1.80573,0.8608 -2.72509,1.23212 -1.07145,0.56449 -2.1098,1.23075 -3.14123,1.90201 -0.83081,0.49801 -1.7021,0.8939 -2.5754,1.25706 -0.60492,0.16681 -1.28389,0.28167 -1.62674,-0.503 -0.47572,-1.91922 -0.10194,-0.17559 3.61403,-2.95884 1.03482,-0.77507 4.94898,-3.16866 -3.11833,2.2955 2.76868,-2.08017 2.6718,-2.00865 4.19007,-3.07989 0.82062,-0.55776 1.72714,-0.88849 2.59756,-1.29914 1.1211,-0.46987 2.26882,-0.85517 3.34576,-1.47144 1.22141,-0.73212 2.48345,-1.34611 3.70932,-2.06609 0.84552,-0.52937 1.72989,-0.95046 2.61541,-1.36065 1.20003,-0.62668 2.4257,-1.13117 3.73061,-1.26268 0.50748,-0.0766 1.12606,-0.26759 1.63594,-0.0927 0.0527,0.0181 0.79034,0.49831 0.57666,0.70517 -1.12287,1.08705 -2.42879,1.834 -3.64318,2.75099 -1.02419,0.52289 -2.11169,0.84549 -3.13911,1.36215 -2.26002,1.08971 -4.42662,2.45599 -6.6502,3.65607 -1.98105,1.12243 -3.95787,2.25551 -5.92554,3.41511 -1.20449,0.55487 -2.46565,1.06901 -3.76375,0.79474 0,0 3.37702,-3.09673 3.37702,-3.09673 z"
       inkscape:connector-curvature="0"
       inkscape:transform-center-x="6.7638969"
       inkscape:transform-center-y="-24.058527" />
    <path
       style="fill:#000000;fill-opacity:1"
       id="path4104-5-2"
       d="m 82.804225,389.02928 c 1.42547,-0.0837 2.76294,-0.64343 4.0633,-1.34468 2.04557,-1.29673 4.10753,-2.56643 6.20481,-3.72429 2.1322,-1.17008 4.21654,-2.49966 6.43872,-3.38306 0.880725,-0.38878 1.855715,-0.48833 2.706245,-0.98147 -1.1529,0.84157 -2.305775,1.68314 -3.458665,2.52471 0.0201,0.10937 0.11724,0.24168 0.0604,0.32823 -0.07,0.1069 -0.2169,0.0451 -0.3243,0.0744 -0.59168,0.16108 -1.17594,0.30599 -1.77463,0.42454 -1.25559,0.17543 -2.4153,0.71552 -3.58004,1.29087 -0.88618,0.36132 -1.78099,0.77687 -2.5698,1.40594 -1.26519,0.73317 -2.5676,1.36719 -3.82115,2.13293 -0.54907,0.37283 -1.16881,0.46521 -1.7561,0.68094 -0.52977,0.19459 -1.0596,0.46532 -1.58056,0.69697 -0.47913,0.14583 -0.91627,0.4297 -1.3832,0.62088 -0.13505,0.0553 -0.27841,0.08 -0.40877,0.15093 -0.22081,0.12018 -0.41131,0.31456 -0.61799,0.46967 -1.83179,1.19426 4.11609,-3.04186 3.09359,-2.26743 -1.28711,0.97486 -2.60011,1.89421 -3.90008,2.84147 -0.0637,0.0464 -0.25412,0.18595 -0.19065,0.13934 3.4508,-2.53336 4.70534,-2.12682 3.32106,-2.54144 -0.0187,-0.0736 -0.0784,-0.14899 -0.0559,-0.22079 0.0207,-0.0656 0.098,-0.0732 0.15276,-0.0871 0.19629,-0.0496 0.40343,0.0138 0.59994,-0.0343 0.22978,-0.0563 0.44105,-0.19831 0.66351,-0.2902 0.89863,-0.47501 1.81351,-0.86808 2.65652,-1.49343 1.01126,-0.6467 2.02641,-1.32106 3.10484,-1.77263 0.15973,-0.0472 0.32342,-0.0767 0.47921,-0.14164 0.4273,-0.17806 0.83379,-0.47318 1.25735,-0.66845 0.69918,-0.27844 0.36262,-0.13056 1.01079,-0.4396 0.94432,-0.2775 1.80069,-0.84178 2.73794,-1.14979 0.92129,-0.3568 1.8358,-0.75452 2.73017,-1.21129 0.53101,-0.22386 1.04297,-0.44608 1.535215,-0.78492 0,0 -3.414025,3.4329 -3.414025,3.4329 l 0,0 c -0.51681,0.26372 -1.04611,0.48348 -1.55951,0.7587 -0.90504,0.43104 -1.81416,0.84469 -2.74782,1.16739 -0.92577,0.38094 -1.81642,0.88846 -2.75709,1.2159 -0.909,0.40999 -1.80572,0.86079 -2.72509,1.23211 -1.07144,0.56449 -2.1098,1.23075 -3.14122,1.902 -0.83081,0.49802 -1.7021,0.89391 -2.5754,1.25707 -0.60493,0.16681 -1.28389,0.28167 -1.62675,-0.50299 -0.47572,-1.91923 -0.10193,-0.17561 3.61404,-2.95884 1.03482,-0.77508 4.94897,-3.16868 -3.11834,2.2955 2.76868,-2.08017 2.6718,-2.00866 4.19008,-3.0799 0.82062,-0.55775 1.72713,-0.88849 2.59756,-1.29914 1.12109,-0.46986 2.26882,-0.85518 3.34575,-1.47144 1.22142,-0.73213 2.48345,-1.34611 3.70933,-2.06609 0.84551,-0.52936 1.72988,-0.95046 2.61541,-1.36065 1.20003,-0.62667 2.4257,-1.13116 3.730595,-1.26267 0.50748,-0.0766 1.12607,-0.2676 1.63595,-0.0926 0.0526,0.0181 0.79033,0.49831 0.57665,0.70517 -1.12286,1.08705 -2.42879,1.83399 -3.643175,2.75099 -1.02418,0.52289 -2.11169,0.84548 -3.13911,1.36215 -2.26002,1.08971 -4.42661,2.45599 -6.6502,3.65607 -1.98105,1.12242 -3.95786,2.2555 -5.92553,3.41511 -1.20449,0.55486 -2.46566,1.069 -3.76376,0.79474 0,0 3.37702,-3.09673 3.37702,-3.09673 z"
       inkscape:connector-curvature="0"
       inkscape:transform-center-x="6.763893"
       inkscape:transform-center-y="-24.058454" />
    <path
       style="fill:#000000;fill-opacity:1"
       id="path4162"
       d="m 135.04971,449.48619 c 0.95656,-0.0117 1.90303,0.19459 2.86011,0.23339 1.90193,0.19592 3.64576,-0.22518 5.46199,-0.89915 1.20737,-0.51301 2.42538,-1.08989 3.47706,-2.02222 0.26879,-0.2383 -1.09731,0.89023 -0.86363,0.59887 0.30271,-0.37744 0.72234,-0.56823 1.07703,-0.86494 0.31651,-0.26479 0.62411,-0.54615 0.93616,-0.81922 1.1818,-1.05839 2.14558,-2.37663 2.95686,-3.87655 0.28439,-0.57823 0.16012,-0.28398 0.37609,-0.88054 0,0 1.80678,-1.04954 1.80678,-1.04954 l 0,0 c -0.19109,0.62111 -0.0803,0.31903 -0.33266,0.90612 -0.17937,0.36111 -0.34106,0.73687 -0.53504,1.08574 -0.59146,1.06371 -1.39515,1.93299 -2.1721,2.76891 -1.62965,1.49314 -3.30001,2.69498 -5.06092,3.98107 -1.10169,0.80463 -2.23344,1.50769 -3.47023,1.92421 -1.75209,0.58939 -3.52503,0.93009 -5.34187,0.67213 -0.91172,-0.10608 -1.82059,-0.26012 -2.73425,-0.32903 0,0 1.55862,-1.42925 1.55862,-1.42925 z"
       inkscape:connector-curvature="0" />
    <path
       style="fill:#000000;fill-opacity:1"
       id="path4168"
       d="m 90.437125,443.77983 c 0.98093,0.25921 1.96487,0.51128 2.92627,0.88168 1.20234,0.49917 2.39407,1.04366 3.59498,1.55641 1.59148,0.71398 3.197705,1.35768 4.807025,1.99332 1.32111,0.40942 2.66457,0.70314 4.00467,0.98703 1.44831,0.26033 2.88979,0.57914 4.34653,0.77379 1.43031,0.17706 2.8696,0.18898 4.305,0.23499 0.99936,0.0137 1.99877,0.0322 2.99816,0.0165 1.22346,-0.0324 2.44718,-0.0208 3.67078,-0.0187 0.96128,0.0308 1.91551,0.0461 2.87127,-0.0979 0.84533,-0.14876 1.69657,-0.20353 2.54789,-0.24116 0.94617,-0.0376 1.89326,-0.0367 2.83981,-0.0323 1.00379,-0.006 2.00757,-0.004 3.01137,-0.004 0.59274,0.0395 1.18125,-0.0871 1.76846,-0.17533 0,0 -1.52117,1.51629 -1.52117,1.51629 l 0,0 c -0.59918,0.0946 -1.20046,0.20086 -1.80535,0.17509 -0.99994,-3.4e-4 -1.99985,-0.001 -2.99979,-0.008 -0.94002,0.005 -1.88,0.004 -2.81996,0.0233 -0.85128,0.0388 -1.70077,0.12461 -2.54634,0.26368 -0.97517,0.141 -1.95334,0.11018 -2.9331,0.12357 -1.21291,0.002 -2.42589,0.016 -3.6387,-0.012 -1.01128,-0.0117 -2.02238,0.0184 -3.03369,0.0143 -1.45832,0.008 -2.9171,-0.0236 -4.37043,-0.20174 -1.44008,-0.19377 -2.85398,-0.55852 -4.28247,-0.84987 -1.369,-0.25288 -2.74586,-0.49508 -4.08627,-0.95239 -1.620575,-0.58177 -3.220705,-1.24902 -4.798985,-2.01297 -1.18226,-0.5156 -2.33207,-1.15883 -3.53165,-1.605 -0.93584,-0.36803 -1.90714,-0.55671 -2.83573,-0.96332 0,0 1.51142,-1.38642 1.51142,-1.38642 z"
       inkscape:connector-curvature="0" />
    <path
       style="fill:#000000;fill-opacity:1"
       id="path4202"
       d="m 136.79436,437.354 c 1.34784,-1.67274 2.8415,-3.13962 4.36891,-4.54 1.12423,-1.04623 2.28286,-2.02574 3.46792,-2.95771 0,0 6.05603,-2.96365 6.05603,-2.96365 l 0,0 c -1.08075,0.85004 -2.13019,1.75841 -3.14582,2.72895 -1.2792,1.20117 -0.61988,0.60258 -1.97977,1.79267 -1.10693,1.02755 -2.11535,2.22723 -3.28854,3.13747 0,0 -5.47873,2.80227 -5.47873,2.80227 z"
       inkscape:connector-curvature="0" />
    <path
       style="fill:#000000;fill-opacity:1"
       id="path4202-7"
       d="m 135.71177,432.53711 c 1.34784,-1.67274 2.84149,-3.13962 4.36891,-4.53999 1.12422,-1.04623 2.28286,-2.02575 3.46791,-2.95772 0,0 6.05603,-2.96365 6.05603,-2.96365 l 0,0 c -1.08074,0.85004 -2.1302,1.75841 -3.14581,2.72895 -1.27922,1.20117 -0.61989,0.60258 -1.97977,1.79268 -1.10694,1.02753 -2.11535,2.22722 -3.28854,3.13747 0,0 -5.47873,2.80226 -5.47873,2.80226 z"
       inkscape:connector-curvature="0" />
    <path
       style="fill:#000000;fill-opacity:1"
       id="path4202-7-6"
       d="m 134.78944,427.88063 c 1.34784,-1.67274 2.84148,-3.13962 4.3689,-4.54 1.12423,-1.04623 2.28287,-2.02574 3.46791,-2.95771 0,0 6.05604,-2.96365 6.05604,-2.96365 l 0,0 c -1.08074,0.85004 -2.1302,1.75841 -3.14582,2.72895 -1.27921,1.20117 -0.61987,0.60258 -1.97977,1.79267 -1.10694,1.02753 -2.11534,2.22723 -3.28853,3.13747 0,0 -5.47873,2.80227 -5.47873,2.80227 z"
       inkscape:connector-curvature="0" />
  </g>
</svg>
